,contributed_CCGT,contributed_Coal,contributed_Onshore,contributed_Offshore,contributed_PV,contributed_Nuclear,contributed_Recip_gas,contributed_Biomass,total_CCGT,total_Coal,total_Onshore,total_Offshore,total_PV,total_Nuclear,total_Recip_gas,Carbon_tax,total_genco_wealth,Electricity_cost,Carbon_emitted
0,349865.9999999983,199553.20999999956,23300.55530880004,29579.745223999984,3154.551064599939,165604.86687359976,11048.300000000008,0,31912.0,14475.0,8862.6,6983.8,3377.7999999999997,9361.0,971.5,30.8,13145258180.091293,90.45900683982747,1191.8484175675803
1,219010.62000000046,209183.30999999965,23464.752699000044,29595.668287999964,3122.2863189999775,165604.86687359976,1884.7100000000005,0,31912.0,14475.0,8862.6,6983.8,3377.7999999999997,9361.0,971.5,30.8,7797040786.934342,54.72984262669388,922.7709356273824
2,339092.2199999989,212978.46999999965,21601.84304159999,29224.130127999983,1658.9456695999324,165604.86687359976,13192.969999999998,0,31912.0,14475.0,8862.6,6983.8,3377.7999999999997,9361.0,971.5,30.8,17118144917.854685,90.07739920379481,1204.288422581059
3,362427.5999999982,210941.8499999996,23278.20383160005,29656.706700000013,3188.160174599965,165604.86687359976,13192.969999999998,0,31912.0,14475.0,8862.6,6983.8,3377.7999999999997,9361.0,971.5,30.8,35326117147.33801,110.65418709383364,1247.9916941862978
4,150239.76000000015,128666.51000000001,22191.845221500018,29595.668287999968,3116.600719849977,148459.39984960004,0.0,0,31912.0,14475.0,8862.6,6983.8,3377.7999999999997,9361.0,971.5,30.8,22920488315.332676,43.85035177686754,593.941245240982
5,351845.8199999981,229115.0099999995,23464.752699000044,29595.668287999964,3122.2863189999775,165604.86687359976,11814.600000000004,0,31912.0,14475.0,8862.6,6983.8,3377.7999999999997,9361.0,971.5,30.8,38703181084.4233,92.07581404822774,1262.4630128839767
6,152527.14000000022,142684.27,25582.054003500038,33535.97722699999,4482.611414499983,135545.01540160022,0.0,0,31912.0,14475.0,8862.6,6983.8,3377.7999999999997,9361.0,971.5,30.8,18625485767.108196,42.657102665113136,628.062698589462
7,186878.46000000022,141021.31999999995,31310.357158399936,38306.24775700007,7415.26058399993,145936.22987440007,0.0,0,31912.0,14475.0,8862.6,6983.8,3377.7999999999997,9361.0,971.5,30.8,-4141629961.1036863,44.685387871344915,701.4313226453622
8,346546.61999999854,206063.13999999978,23020.55743680004,29579.745223999984,3154.551064599939,165604.86687359976,5849.099999999996,0,31912.0,14475.0,8756.1,6983.8,3377.7999999999997,9361.0,670.0,30.9,-33022132574.17347,96.83335076238261,1188.1105655897231
9,225809.82000000036,206717.2999999997,23182.78170150004,29595.668287999964,3122.2863189999775,165604.86687359976,1299.8000000000002,0,31912.0,14475.0,8756.1,6983.8,3377.7999999999997,9361.0,670.0,30.9,-38145056015.08601,62.90768963130969,924.1494377454011
10,336282.05999999883,215576.77999999953,21342.258237599934,29224.130127999983,1658.9456695999324,165604.86687359976,7798.799999999995,0,31912.0,14475.0,8756.1,6983.8,3377.7999999999997,9361.0,670.0,30.9,-27969864772.791294,96.67767005315615,1192.4601170584406
11,365515.67999999813,212225.3599999997,22998.474552600022,29656.706700000013,3188.160174599965,165604.86687359976,9098.599999999995,0,31912.0,14475.0,8756.1,6983.8,3377.7999999999997,9361.0,670.0,30.9,-8750533535.061697,116.26451405726209,1246.9646077732825
12,125414.10000000006,159948.86999999985,21909.874223999996,29595.668287999968,3116.600719849977,148459.39984960004,0.0,0,31912.0,14475.0,8756.1,6983.8,3377.7999999999997,9361.0,670.0,30.9,-23622211307.488613,47.05020949222739,611.5002116202616
13,354948.2999999981,226903.87999999966,23182.781701500044,29595.668287999964,3122.2863189999775,165604.86687359976,7148.899999999995,0,31912.0,14475.0,8756.1,6983.8,3377.7999999999997,9361.0,670.0,30.9,-5465344416.664261,98.38745312377206,1253.4315955442405
14,143984.34000000008,147851.05999999982,25315.93655020003,33535.97722699999,4482.611414499983,135545.01540160022,0.0,0,31912.0,14475.0,8756.1,6983.8,3377.7999999999997,9361.0,670.0,30.9,-27963642231.358974,47.383713952548426,622.2027697818814
15,178520.70000000027,153183.2699999999,30888.903749899935,38306.24775700007,7415.26058399993,145936.22987440007,0.0,0,31912.0,14475.0,8756.1,6983.8,3377.7999999999997,9361.0,670.0,30.9,-53527039770.23566,49.029539151410155,704.2098633114614
16,251508.36000000036,169513.45999999985,21237.345055199978,27952.275391,497418.5861050488,149186.20253600003,3365.8999999999996,0,31912.0,14475.0,8729.9,6983.8,197889.79999999984,9361.0,670.0,31.7,-93154695758.93886,79.47962806190043,904.8884402170813
17,136212.36000000007,160672.3599999998,20494.75224319996,26758.897465499973,511052.75236674974,143111.5768376001,649.9,0,31912.0,14475.0,8729.9,6983.8,197889.79999999984,9361.0,670.0,31.7,-102010565441.55865,46.500874441946074,638.2027099192807
18,277473.96000000037,201275.1799999996,20752.53280839986,28857.668007999993,296073.57007519994,156093.03942399993,5199.199999999996,0,31912.0,14475.0,8729.9,6983.8,197889.79999999984,9361.0,670.0,31.7,-97349752308.58191,78.23939386811738,1032.193245701642
19,288428.1600000002,160607.41999999993,21562.92283919995,28041.842625999998,498075.5402379945,151804.4613008,5451.399999999995,0,31912.0,14475.0,8729.9,6983.8,197889.79999999984,9361.0,670.0,31.7,-79952180064.05415,96.06840731505433,965.1204490531613
20,113734.80000000002,89021.37000000007,17582.893238199995,24148.653477999986,456532.3246552997,111233.9815272002,0.0,0,31912.0,14475.0,8729.9,6983.8,197889.79999999984,9361.0,670.0,31.7,-98776867365.02536,34.205332542841965,429.5237509752601
21,282822.1800000003,186442.86999999982,21772.372747,28120.13102399998,506031.5579893004,151804.4613008,6498.999999999995,0,31912.0,14475.0,8729.9,6983.8,197889.79999999984,9361.0,670.0,31.7,-95933321214.93173,67.840940412367,1012.5919394322617
22,120871.50000000007,90728.30000000008,19825.76180899999,26853.422417999987,420028.034131148,107875.6518728002,0.0,0,31912.0,14475.0,8729.9,6983.8,197889.79999999984,9361.0,670.0,31.7,-124488358750.78691,37.10330971804817,447.82009216339924
23,144048.96000000002,96914.04000000002,20244.088694100083,27609.111812000025,481390.1834719,107078.08543600018,0.0,0,31912.0,14475.0,8729.9,6983.8,197889.79999999984,9361.0,670.0,31.7,-159011444253.62924,36.44771003305575,508.6731838279202
24,258154.20000000033,152681.77999999997,20162.763079299977,27198.181408000015,508101.26157874946,132085.69997840025,5237.999999999997,0,31912.0,14475.0,8710.9,6983.8,241905.79999999996,9361.0,660.0,31.9,-169673316559.16025,79.36479907281064,884.6216813284418
25,149411.52000000005,145941.2899999999,19427.01403439994,25902.248198999987,534959.9651889025,127682.86788320025,640.1999999999999,0,31912.0,14475.0,8710.9,6983.8,241905.79999999996,9361.0,660.0,31.9,-178189234815.50024,43.032047095728416,631.1822639034212
26,274229.58000000037,187757.7299999998,20449.458054399835,28451.861524,316227.5864310994,153594.93161039997,3317.4000000000005,0,31912.0,14475.0,8710.9,6983.8,241905.79999999996,9361.0,660.0,31.9,-169497647390.70724,77.43051074485523,991.6242894065415
27,271483.38000000024,160050.58999999988,21095.428952999926,28041.842625999998,527242.2557583463,142376.6658048001,5354.399999999997,0,31912.0,14475.0,8710.9,6983.8,241905.79999999996,9361.0,660.0,31.9,-145680271823.9895,92.87803196416446,929.2831263048212
28,125623.4400000001,75839.92000000003,17501.96187019999,24148.653477999986,399620.35055489885,108735.8737136002,0.0,0,31912.0,14475.0,8710.9,6983.8,241905.79999999996,9361.0,660.0,31.9,-164148018214.71988,36.03114720830843,424.24462900815945
29,250737.42000000027,198531.71999999965,21443.513220199988,28068.64223999998,498460.7829848006,145773.3258240001,4481.4,0,31912.0,14475.0,8710.9,6983.8,241905.79999999996,9361.0,660.0,31.9,-157924508784.3784,66.23271507506301,969.4150146645619
30,131271.24000000008,71762.70999999999,19777.880668999987,26853.422417999987,402342.3835471478,107875.6518728002,0.0,0,31912.0,14475.0,8710.9,6983.8,241905.79999999996,9361.0,660.0,31.9,-186882006315.8723,38.17128303803369,426.61178476857935
31,146800.14000000022,84038.45000000003,19984.150703400075,27310.045143000025,481119.99931125034,107078.08543600018,0.0,0,31912.0,14475.0,8710.9,6983.8,241905.79999999996,9361.0,660.0,31.9,-220348858944.2423,35.80385238573807,485.52751345309986
32,237838.5600000003,177885.93999999983,20086.20142549996,27158.452408000016,511108.9942840606,130292.28117920026,2560.8,0,31912.0,14475.0,8693.000000000002,6983.8,244545.8,9361.0,660.0,32.3,-249960807351.21353,78.053339623221,892.3383889841213
33,216671.22000000015,74149.78999999998,19385.94533049994,25902.248198999987,538312.8530959653,127682.86788320025,640.1999999999999,0,31912.0,14475.0,8693.000000000002,6983.8,244545.8,9361.0,660.0,32.3,-254935975721.29773,47.14812623580416,610.3909737864202
34,286337.88000000024,175180.18999999983,20407.043717999833,28451.861524,318836.37135908747,153594.93161039997,3841.2000000000007,0,31912.0,14475.0,8693.000000000002,6983.8,244545.8,9361.0,660.0,32.3,-242165365312.0922,79.1276391433204,989.2019548056212
35,266438.5200000003,164155.07999999987,20985.38049359994,27990.353841999997,531216.2967431706,140663.59334720013,5354.399999999997,0,31912.0,14475.0,8693.000000000002,6983.8,244545.8,9361.0,660.0,32.3,-212090098704.50198,92.08271490518702,927.3238512818416
36,107986.32000000002,96062.07000000008,17463.822304399982,24148.653477999986,384269.05552100047,107846.1669768002,0.0,0,31912.0,14475.0,8693.000000000002,6983.8,244545.8,9361.0,660.0,32.3,-230412485651.95367,35.929901647470864,433.56494047385974
37,255068.04000000027,192486.11999999953,21329.121139599985,27933.563639999982,502170.2777376656,144904.25851440008,4597.799999999999,0,31912.0,14475.0,8693.000000000002,6983.8,244545.8,9361.0,660.0,32.3,-217593226400.5362,67.86154006642249,964.9523255157613
38,101180.76000000007,102440.09000000005,19715.808855799987,26853.422417999987,405077.77227514907,107875.6518728002,0.0,0,31912.0,14475.0,8693.000000000002,6983.8,244545.8,9361.0,660.0,32.3,-245985272558.82275,37.31096484014254,433.9815547458199
39,122969.5800000001,106720.35000000014,19939.130180700067,27310.045143000025,483767.9920152601,107078.08543600018,0.0,0,31912.0,14475.0,8693.000000000002,6983.8,244545.8,9361.0,660.0,32.3,-278982613820.8176,36.575311003588276,487.76382294929994
40,225923.0400000002,156471.59999999986,18415.479002999935,24297.93220300005,901700.3127992587,124203.65015520024,2560.8,0,31912.0,14475.0,8666.7,6983.8,494561.80000000045,9361.0,660.0,32.6,-305514884149.97205,76.25173223252942,822.2143072968014
41,164688.78000000012,123579.31000000007,17877.686093399996,23376.384874,913132.9619808539,117303.44736880022,640.1999999999999,0,31912.0,14475.0,8666.7,6983.8,494561.80000000045,9361.0,660.0,32.6,-313013740868.4025,45.012459716567626,612.2966242553806
42,220567.0200000002,162989.0299999998,19350.981787199817,26907.32431600004,765259.3874997281,144904.25851440008,3201.0000000000005,0,31912.0,14475.0,8666.7,6983.8,494561.80000000045,9361.0,660.0,32.6,-300714843247.4142,72.8360148970735,825.3358336039415
43,245742.7200000002,164857.4899999999,18693.135896399974,24812.114477999996,909492.7613761881,124203.65015520024,6401.999999999997,0,31912.0,14475.0,8666.7,6983.8,494561.80000000045,9361.0,660.0,32.6,-274840614813.12695,79.20826945816003,888.9581518710213
44,103386.96000000002,91332.88000000009,17016.145789799957,23376.384873999996,575009.0148829054,106055.69666720019,0.0,0,31912.0,14475.0,8666.7,6983.8,494561.80000000045,9361.0,660.0,32.6,-296668467632.2887,34.93527124014403,413.67553456623955
45,250688.46000000025,142055.76,19118.76143980001,25403.258228999992,1000318.2560751014,127710.14141200024,4481.4,0,31912.0,14475.0,8666.7,6983.8,494561.80000000045,9361.0,660.0,32.6,-286951809312.3484,62.2570331244126,843.2952816724816
46,83228.21999999994,102427.93000000008,18119.510090699972,24826.549063000006,682582.0796084608,94075.2463000001,0.0,0,31912.0,14475.0,8666.7,6983.8,494561.80000000045,9361.0,660.0,32.6,-321938890361.97894,32.559149310175435,397.51076474613984
47,129682.6800000001,83160.32000000008,17809.874295499994,24800.835641000034,753318.4220412518,88167.94738640006,0.0,0,31912.0,14475.0,8666.7,6983.8,494561.80000000045,9361.0,660.0,32.6,-361945716941.8473,31.074556036754842,448.81961212735973
48,234365.8200000002,150982.04999999996,18283.652598299945,24297.93220300005,899051.3297220091,124203.65015520024,2560.8,0,31912.0,14475.0,8602.2,6983.8,494561.80000000045,9361.0,660.0,32.9,-387734915395.24884,77.2270002286354,818.3341798059007
49,151296.6,137257.61000000002,17744.635364399986,23376.384874,912360.8833728537,117303.44736880022,640.1999999999999,0,31912.0,14475.0,8602.2,6983.8,494561.80000000045,9361.0,660.0,32.9,-395010703793.579,44.23448961265289,614.7552701187806
50,230206.44000000018,156784.22999999986,19210.207045199837,26907.32431600004,765259.3874997281,144904.25851440008,3550.2000000000007,0,31912.0,14475.0,8602.2,6983.8,494561.80000000045,9361.0,660.0,32.9,-381072670856.1618,74.44858049473933,824.7988835735407
51,244647.48000000027,168013.8799999999,18554.016362399976,24812.114477999996,909272.1674881881,124203.65015520024,5354.399999999997,0,31912.0,14475.0,8602.2,6983.8,494561.80000000045,9361.0,660.0,32.9,-354184637248.5285,80.16896918650257,882.8817490042403
52,88682.33999999997,103678.21000000006,16906.453921799966,23376.384873999996,574998.4629079052,106055.69666720019,0.0,0,31912.0,14475.0,8602.2,6983.8,494561.80000000045,9361.0,660.0,32.9,-377865118135.98895,34.05643434766726,411.3725006375799
53,227780.76000000018,166045.15999999986,18973.748040300015,25403.258228999992,1000180.0404261017,127710.14141200024,4481.4,0,31912.0,14475.0,8602.2,6983.8,494561.80000000045,9361.0,660.0,32.9,-367297676190.743,61.72597805877896,842.4299098536807
54,109606.98000000005,74689.76000000002,18005.736394799977,24826.549063000006,682539.2484404613,94075.2463000001,0.0,0,31912.0,14475.0,8602.2,6983.8,494561.80000000045,9361.0,660.0,32.9,-400229706038.9655,35.25613693714788,389.1647504844797
55,101903.7,109117.21000000011,17702.5922276,24800.835641000034,753318.4220412518,88167.94738640006,0.0,0,31912.0,14475.0,8602.2,6983.8,494561.80000000045,9361.0,660.0,32.9,-441103055783.8138,31.16156553109543,450.34843515958
56,227157.84000000035,152644.77999999988,18215.18454689994,24297.93220300005,898988.1500279091,124203.65015520024,2560.8,0,30286.0,14475.0,8570.0,6983.8,494561.80000000045,9361.0,660.0,33.2,-482179779592.9481,77.79219864628368,807.3649831224411
57,160331.16000000018,127212.2800000001,17678.21313999999,23376.384874,912342.5005488538,117303.44736880022,640.1999999999999,0,30286.0,14475.0,8570.0,6983.8,494561.80000000045,9361.0,660.0,33.2,-487917977741.69617,46.353142037245696,610.6802976474411
58,203801.04000000027,179262.83999999973,19138.28138999983,26907.32431600004,765259.3874997281,144904.25851440008,3317.4000000000005,0,30286.0,14475.0,8570.0,6983.8,494561.80000000045,9361.0,660.0,33.2,-471539921450.2912,74.47560762246503,820.8348532903209
59,235170.18000000034,166571.3999999998,18484.564439999995,24812.114477999996,909272.1674881881,124203.65015520024,6401.999999999997,0,30286.0,14475.0,8570.0,6983.8,494561.80000000045,9361.0,660.0,33.2,-439606298022.4258,82.26761305137808,862.5507110172015
60,100189.44000000002,94327.19000000009,16840.031697399972,23376.384873999996,574998.4629079052,106055.69666720019,0.0,0,30286.0,14475.0,8570.0,6983.8,494561.80000000045,9361.0,660.0,33.2,-460914730011.11566,36.14656581710023,413.86606631161953
61,241686.90000000034,149750.8099999999,18899.01545730002,25403.258228999992,1000180.0404261017,127710.14141200024,4481.4,0,30286.0,14475.0,8570.0,6983.8,494561.80000000045,9361.0,660.0,33.2,-445608373974.6458,63.89713231918776,834.3001940523808
62,78693.65999999996,104591.08000000012,17930.303161399974,24826.549063000006,682539.2484404613,94075.2463000001,0.0,0,30286.0,14475.0,8570.0,6983.8,494561.80000000045,9361.0,660.0,33.2,-479772349619.373,33.88512027824776,393.1324565298398
63,100172.04000000004,112444.17000000014,17628.658226199994,24800.835641000034,753318.4220412518,88167.94738640006,0.0,0,30286.0,14475.0,8570.0,6983.8,494561.80000000045,9361.0,660.0,33.2,-518559073655.13464,31.8635370715956,454.25693724965987
64,987071.94,31095.18999999999,23135.323656099972,24297.93220300005,898844.0056117103,123307.30931680024,0.0,0,73436.0,14475.0,9976.2,6983.8,494625.80000000045,9361.0,660.0,33.5,-586136089860.6401,37.02197871995022,2073.1417829756215
65,703164.0,27894.900000000012,22559.215232400034,23376.384874,912220.4839973536,117303.44736880022,0.0,0,73436.0,14475.0,9976.2,6983.8,494625.80000000045,9361.0,660.0,33.5,-603496634245.4811,35.43441396422545,1489.6675440702013
66,998594.1599999999,28589.520000000008,24423.700189200015,26907.32431600004,765289.1706357307,144904.25851440008,0.0,0,73436.0,14475.0,9976.2,6983.8,494625.80000000045,9361.0,660.0,33.5,-616174318660.408,43.31486743921448,2090.940742548962
67,975825.96,82034.90999999999,23588.20229040007,24812.114477999996,909279.6180481878,124203.65015520024,0.0,0,73436.0,14475.0,9976.2,6983.8,494625.80000000045,9361.0,660.0,33.5,-628612912218.1119,38.85958073986476,2163.9792329041816
68,447216.0,44521.240000000005,21684.927770800026,23376.384873999996,575001.4240279053,105264.02720960019,0.0,0,73436.0,14475.0,9976.2,6983.8,494625.80000000045,9361.0,660.0,33.5,-659967419807.8746,29.26548843486286,1007.1930858935204
69,892030.62,60328.53999999997,24203.189148300036,25403.258228999992,997801.7006821019,127710.14141200024,0.0,0,73436.0,14475.0,9976.2,6983.8,494625.80000000045,9361.0,660.0,33.5,-682108107415.5132,38.78862669673602,1945.439142098921
70,447216.0,38719.479999999996,22563.188468800032,24826.549063000006,682227.7004084614,94075.2463000001,0.0,0,73436.0,14475.0,9976.2,6983.8,494625.80000000045,9361.0,660.0,33.5,-727403285674.3375,28.333225908336242,994.2470502330403
71,524832.0,17206.200000000004,22484.21091360001,24800.835641000034,753328.8241692521,87243.59589680006,0.0,0,73436.0,14475.0,9976.2,6983.8,494625.80000000045,9361.0,660.0,33.5,-788251097638.8126,24.941888751612428,1103.8028402676005
72,979440.0,0.0,37554.01144839999,22271.058848000048,989452.669950413,110403.2445824002,0.0,0,219841.0,14475.0,13669.099999999999,6983.8,743505.8000000004,9361.0,540.0,33.9,-825924404417.489,34.222108382373584,1988.263200000001
73,591360.0,24787.039999999997,39171.25486090005,23376.384874,915255.8260920007,112193.71489200021,0.0,0,219841.0,14475.0,13669.099999999999,6983.8,743505.8000000004,9361.0,540.0,33.9,-849480565437.5675,34.01410639655359,1255.7705514819206
74,784476.0,50730.640000000036,37698.97868560036,23818.249900000086,1017372.5033003845,116407.10653040021,0.0,0,219841.0,14475.0,13669.099999999999,6983.8,743505.8000000004,9361.0,540.0,33.9,-866616107304.969,34.55943387521491,1705.6865286347218
75,1053360.0,26591.40000000001,41267.92297529992,24812.114477999996,1068974.6722386854,120809.93862560023,0.0,0,219841.0,14475.0,13669.099999999999,6983.8,743505.8000000004,9361.0,540.0,33.9,-882399637989.1284,36.65769286332124,2197.656796777201
76,409332.0,22190.310000000005,38188.80337830003,23376.384873999996,530362.8688455545,102679.67607520017,0.0,0,219841.0,14475.0,13669.099999999999,6983.8,743505.8000000004,9361.0,540.0,33.9,-919391094193.257,27.23845672859825,880.4593733533798
77,693000.0,0.0,38112.6348752001,22591.291498,1165197.3853967874,110403.2445824002,0.0,0,219841.0,14475.0,13669.099999999999,6983.8,743505.8000000004,9361.0,540.0,33.9,-949884368144.3182,34.53447483650866,1406.7900000000006
78,373296.0,22341.2,40217.51925819998,24208.396147,610979.4471916567,91465.83300400009,0.0,0,219841.0,14475.0,13669.099999999999,6983.8,743505.8000000004,9361.0,540.0,33.9,-1014500563501.0928,25.841415552605515,807.6429889976008
79,334488.0,34655.72,40375.109852300055,23880.453677000038,706217.5109964582,82068.25952640006,0.0,0,219841.0,14475.0,13669.099999999999,6983.8,743505.8000000004,9361.0,540.0,33.9,-1088429050600.386,24.145341815957906,756.3413442965602
80,880572.0,65718.88000000003,37307.66745479996,22271.058848000048,989334.970206413,110403.2445824002,0.0,0,222980.0,14475.0,13542.7,6983.8,743505.8000000004,9361.0,540.0,34.2,-1149848603277.5522,34.57773927376862,1934.2061373942427
81,561792.0,26373.359999999997,38913.16630130004,23376.384874,915255.8260920007,112193.71489200021,0.0,0,222980.0,14475.0,13542.7,6983.8,743505.8000000004,9361.0,540.0,34.2,-1171417302842.0635,34.15790523598532,1199.2872227572807
82,711480.0,95568.05000000012,37452.35238320022,23818.249900000086,1017372.5022058845,116407.10653040021,0.0,0,222980.0,14475.0,13542.7,6983.8,743505.8000000004,9361.0,540.0,34.2,-1188881549801.0466,33.072526107234886,1657.5547556339002
83,1042272.0,63656.76999999994,40997.941439699935,24812.114477999996,1068974.6722386854,120809.93862560023,0.0,0,222980.0,14475.0,13542.7,6983.8,743505.8000000004,9361.0,540.0,34.2,-1191057762352.49,36.691430166974996,2257.8557492644622
84,380688.0,58592.72000000004,37928.038016400016,23376.384873999996,530362.8688455545,102679.67607520017,0.0,0,222980.0,14475.0,13542.7,6983.8,743505.8000000004,9361.0,540.0,34.2,-1227733053570.8313,27.91448517168493,903.5403182225601
85,747516.0,50168.16000000002,37848.74394050011,22525.361782999997,1164512.8831067877,110403.2445824002,0.0,0,222980.0,14475.0,13542.7,6983.8,743505.8000000004,9361.0,540.0,34.2,-1252949119288.1765,35.161091918016005,1629.402611887681
86,252252.0,44266.070000000014,40055.1203838,24208.396147,610979.4109736567,91465.83300400009,0.0,0,222980.0,14475.0,13542.7,6983.8,743505.8000000004,9361.0,540.0,34.2,-1314501106048.7192,26.37427162176435,610.8467800658602
87,491568.0,17041.090000000004,40119.03784510006,23880.453677000038,706217.5109964582,82068.25952640006,0.0,0,222980.0,14475.0,13542.7,6983.8,743505.8000000004,9361.0,540.0,34.2,-1384396019666.572,24.75669170349089,1035.9084941438205
88,648648.0,53513.439999999966,37225.81264679997,22271.058848000048,989294.6257424128,110403.2445824002,0.0,0,222980.0,14475.0,13500.7,6983.8,743553.8000000004,9361.0,540.0,35.6,-1427681614203.8975,35.184686094465036,1436.1652229891204
89,558096.0,86566.62000000005,38826.528617300064,23376.384874,915285.8989720008,112193.71489200021,0.0,0,222980.0,14475.0,13500.7,6983.8,743553.8000000004,9361.0,540.0,35.6,-1445207696506.0015,34.53064075647685,1326.0994627347602
90,741972.0,25381.12,37369.94351120024,23818.249900000086,1017393.1833803852,116407.10653040021,0.0,0,222980.0,14475.0,13500.7,6983.8,743553.8000000004,9361.0,540.0,35.6,-1463613354661.893,35.57101464652393,1562.8385404057606
91,929544.0,46896.02999999995,40907.35197569995,24812.114477999996,1069006.1174226853,120809.93862560023,0.0,0,222980.0,14475.0,13500.7,6983.8,743553.8000000004,9361.0,540.0,35.6,-1476147680962.1091,38.25061524266261,1991.6180275499432
92,329868.0,19035.84,37827.139179000005,23376.384873999996,530386.5092495545,102679.67607520017,0.0,0,222980.0,14475.0,13500.7,6983.8,743553.8000000004,9361.0,540.0,35.6,-1518160782709.0974,28.303481637855754,712.1085753043202
93,698544.0,92781.5500000001,37748.68130130012,22519.433498,1164401.4176347875,110403.2445824002,0.0,0,222980.0,14475.0,13500.7,6983.8,743553.8000000004,9361.0,540.0,35.6,-1538735349249.3848,36.1129820181105,1625.076885106901
94,395472.0,23386.37,39924.54420239999,24208.396147,611000.0878696567,91465.83300400009,0.0,0,222980.0,14475.0,13500.7,6983.8,743553.8000000004,9361.0,540.0,35.6,-1603406284684.909,27.368347629774167,854.9924592452604
95,373296.0,53831.57999999996,40025.45399110007,23880.453677000038,706234.7252924583,82068.25952640006,0.0,0,222980.0,14475.0,13500.7,6983.8,743553.8000000004,9361.0,540.0,35.6,-1671150634239.2593,25.668105721978147,877.9105599488403
96,595056.0,80188.16000000002,37175.72529999998,22271.058848000048,919224.1733684127,110403.2445824002,0.0,0,219101.0,14475.0,13475.000000000002,6983.8,801697.7999999999,9361.0,540.0,42.7,-1732980955867.4675,35.53284351846445,1386.8953798476812
97,569184.0,28132.320000000003,38353.122299800074,23233.930701999998,837473.5856220005,110403.2445824002,0.0,0,219101.0,14475.0,13475.000000000002,6983.8,801697.7999999999,9361.0,540.0,42.7,-1754755980074.3418,36.4492067158263,1218.2179225833604
98,989604.0,49814.24000000003,37266.242790000186,23818.249900000086,991356.5078458807,112985.38434960021,0.0,0,219101.0,14475.0,13475.000000000002,6983.8,801697.7999999999,9361.0,540.0,42.7,-1754276603170.7534,36.60301628219104,2120.051515507521
99,937681.3600000001,26591.40000000001,40568.28135589993,24812.114477999996,991217.9489416871,119093.91767840023,0.0,0,219101.0,14475.0,13475.000000000002,6983.8,801697.7999999999,9361.0,540.0,42.7,-1771216024514.5454,38.757797199463575,1962.8291575772014
100,458304.0,17206.200000000004,37600.004017800005,23376.384873999996,446205.6122325542,101854.09898720015,0.0,0,219101.0,14475.0,13475.000000000002,6983.8,801697.7999999999,9361.0,540.0,42.7,-1810082539934.2517,29.221728476874585,968.7510002676005
101,644028.0,100540.56000000008,36870.4299250001,21932.030276999998,1118156.067409387,110403.2445824002,0.0,0,219101.0,14475.0,13475.000000000002,6983.8,801697.7999999999,9361.0,540.0,42.7,-1840084895015.7075,35.85695489508908,1531.7228445028807
102,291984.0,67639.01000000005,39663.47411499998,24208.396147,554910.1856547556,90640.25591600008,0.0,0,219101.0,14475.0,13475.000000000002,6983.8,801697.7999999999,9361.0,540.0,42.7,-1898573653207.0422,27.7861418879573,743.6570716359803
103,401016.0,50425.700000000026,39968.18958520006,23880.453677000038,651153.8753232562,82068.25952640006,0.0,0,219101.0,14475.0,13475.000000000002,6983.8,801697.7999999999,9361.0,540.0,42.7,-1967213137622.648,25.492378601445335,926.5822861286005
104,2450448.0,50408.32000000001,56720.31474160004,22271.058848000048,919224.2083924128,110403.2445824002,0.0,0,447773.0,14475.0,22063.400000000012,6983.8,801713.7999999999,9361.0,540.0,54.0,-2031341160036.7083,37.26391963080284,5086.890464431363
105,1198428.0,46047.520000000026,58281.499739500025,22723.67673399999,837473.3595679506,110403.2445824002,0.0,0,447773.0,14475.0,22063.400000000012,6983.8,801713.7999999999,9361.0,540.0,54.0,-2046672149239.9834,35.393998058465506,2535.5591840329607
106,2829288.0,0.0,56803.94546440032,23818.249900000086,991357.4981295812,112193.71489200021,0.0,0,447773.0,14475.0,22063.400000000012,6983.8,801713.7999999999,9361.0,540.0,54.0,-2051019396865.5144,37.22689201780451,5743.454640000003
107,2847768.0,22208.48,62115.04622609958,24731.704805999994,989805.7040496871,118172.51467840023,0.0,0,447773.0,14475.0,22063.400000000012,6983.8,801713.7999999999,9361.0,540.0,54.0,-2062995446071.852,39.524090616562965,5830.524997855045
108,1260336.0,17449.52,57982.00403330009,23297.157153999997,446206.1057525542,95693.22996800012,0.0,0,447773.0,14475.0,22063.400000000012,6983.8,801713.7999999999,9361.0,540.0,54.0,-2098404000944.4841,27.21146343029618,2597.418904028961
109,1777776.0,32105.60000000001,56254.514824600046,21932.030276999998,1118156.147009387,110403.2445824002,0.0,0,447773.0,14475.0,22063.400000000012,6983.8,801713.7999999999,9361.0,540.0,54.0,-2114268777643.6829,36.96988195730493,3680.5256516288023
110,977592.0,0.0,59395.44727389999,22658.828081000003,554910.6791747556,87960.07886960005,0.0,0,447773.0,14475.0,22063.400000000012,6983.8,801713.7999999999,9361.0,540.0,54.0,-2173907891802.565,27.65944977689597,1984.511760000001
111,1190112.0,17449.52,59143.89212020003,23221.32026900003,651109.5142432563,78561.76826960006,0.0,0,447773.0,14475.0,22063.400000000012,6983.8,801713.7999999999,9361.0,540.0,54.0,-2237398729993.0796,25.906094189806023,2454.864184028961
112,1940400.0,50812.80000000003,56598.70188400007,22271.058848000048,849636.2175884127,110403.2445824002,0.0,0,434845.0,14475.0,22001.00000000001,6983.8,823521.7999999999,9361.0,0.0,65.3,-2332956639308.7563,39.664779501560695,4052.3955802944024
113,1493184.0,46047.520000000026,57913.80916300002,22417.693941499994,787608.8505899513,110403.2445824002,0.0,0,434845.0,14475.0,22001.00000000001,6983.8,823521.7999999999,9361.0,0.0,65.3,-2333415087954.5376,37.73947480841158,3133.913864032961
114,1864632.0,25381.12,56638.97686600036,23775.256396000084,979306.2284735783,111272.3118920002,0.0,0,434845.0,14475.0,22001.00000000001,6983.8,823521.7999999999,9361.0,0.0,65.3,-2333847333685.4214,40.158219775473526,3841.8383404057618
115,3060288.0,0.0,61982.5083166996,24731.704805999994,978917.1595536869,118172.51467840023,0.0,0,434845.0,14475.0,22001.00000000001,6983.8,823521.7999999999,9361.0,0.0,65.3,-2336671963678.6724,42.237209897389526,6212.384640000003
116,1483944.0,0.0,57841.20823260009,23297.157153999997,427897.56705955387,94911.14310160012,0.0,0,434845.0,14475.0,22001.00000000001,6983.8,823521.7999999999,9361.0,0.0,65.3,-2351726717203.7856,29.84848364902704,3012.4063200000014
117,2133516.0,0.0,56133.90067900004,21932.030276999998,1057530.0360333973,110403.2445824002,0.0,0,434845.0,14475.0,22001.00000000001,6983.8,823521.7999999999,9361.0,0.0,65.3,-2344221566312.2915,39.300103061287494,4331.037480000002
118,1155000.0,0.0,59263.083625,22658.828081000003,558192.7394097558,87177.99200320005,0.0,0,434845.0,14475.0,22001.00000000001,6983.8,823521.7999999999,9361.0,0.0,65.3,-2374582335608.94,29.20575412282349,2344.650000000001
119,1280664.0,17041.090000000004,59071.95168220004,23221.32026900003,630507.2045775547,78561.76826960006,0.0,0,434845.0,14475.0,22001.00000000001,6983.8,823521.7999999999,9361.0,0.0,65.3,-2413189922246.855,27.954352502167577,2637.7733741438215
120,1167936.0,0.0,51553.4647751,20909.558748000047,849636.1921960127,394846.2476616002,0.0,0,429964.0,14475.0,21865.60000000001,6979.5,823521.7999999999,39061.0,0.0,76.6,-2606759222613.313,28.326975796425213,2370.910080000001
121,68376.0,0.0,52490.12452679995,21222.193706500002,787608.5635225012,367318.41163360013,0.0,0,429964.0,14475.0,21865.60000000001,6979.5,823521.7999999999,39061.0,0.0,76.6,-2652610444016.604,15.890968799911697,138.80328000000003
122,927696.0,0.0,50294.383764900456,21800.899554000065,979305.0512293786,392854.54293680016,0.0,0,429964.0,14475.0,21865.60000000001,6979.5,823521.7999999999,39061.0,0.0,76.6,-2670377753981.345,26.359412405792238,1883.222880000001
123,857472.0,0.0,55684.68566679973,22818.492453000003,978915.599592687,414396.9450768002,0.0,0,429964.0,14475.0,21865.60000000001,6979.5,823521.7999999999,39061.0,0.0,76.6,-2689216150810.3584,29.058290534993827,1740.6681600000009
124,0.0,0.0,47922.58637339997,19695.40465499998,427896.8799125537,347971.89712320006,0.0,0,429964.0,14475.0,21865.60000000001,6979.5,823521.7999999999,39061.0,0.0,76.6,-2765493261480.1147,6.718529570753902,0.0
125,977592.0,0.0,51945.000881000065,21172.70759849999,1057530.0106409972,390987.41189760016,0.0,0,429964.0,14475.0,21865.60000000001,6979.5,823521.7999999999,39061.0,0.0,76.6,-2790419845647.4243,26.68466043488719,1984.511760000001
126,0.0,0.0,49515.927162299886,19323.438149499983,558192.0530090056,308425.28036319994,0.0,0,429964.0,14475.0,21865.60000000001,6979.5,823521.7999999999,39061.0,0.0,76.6,-2906564256897.3647,6.0659349311141115,0.0
127,0.0,0.0,49961.823387399956,20112.515920500005,630507.1791851546,323486.16524,0.0,0,429964.0,14475.0,21865.60000000001,6979.5,823521.7999999999,39061.0,0.0,76.6,-3051866688033.0156,5.977531497308644,0.0
128,399168.0,0.0,116852.8801087003,19932.699930000013,849636.1878180127,382525.2467456002,0.0,0,429964.0,14475.0,58016.20000000001,6979.5,823521.7999999999,39061.0,0.0,87.9,-3088182821055.2114,24.876224267135814,810.3110400000003
129,112728.0,0.0,115912.65492800008,19688.044615499977,787607.5338965013,342214.2340568,0.0,0,429964.0,14475.0,58016.20000000001,6979.5,823521.7999999999,39061.0,0.0,87.9,-3142665392506.6973,8.935465522323437,228.83783999999997
130,598752.0,0.0,113981.3072018991,20660.624814000057,979302.3293869788,373192.54003920016,0.0,0,429964.0,14475.0,58016.20000000001,6979.5,823521.7999999999,39061.0,0.0,87.9,-3166167549763.0947,25.31413885140277,1215.4665600000005
131,391776.0,0.0,125547.67244549905,21615.585657000003,978914.0758496872,389552.97170720017,0.0,0,429964.0,14475.0,58016.20000000001,6979.5,823521.7999999999,39061.0,0.0,87.9,-3193965246981.843,28.067225483198342,795.3052800000004
132,0.0,0.0,114132.14249290003,18601.77780299998,427896.8606991036,250306.12761279987,0.0,0,429964.0,14475.0,58016.20000000001,6979.5,823521.7999999999,39061.0,0.0,87.9,-3275836018732.9834,5.7888590218,0.0
133,787248.0,0.0,118525.733272,20543.096086499994,1057530.0106409972,378259.5194168002,0.0,0,429964.0,14475.0,58016.20000000001,6979.5,823521.7999999999,39061.0,0.0,87.9,-3308958982775.823,27.69375060405818,1598.1134400000008
134,0.0,0.0,107881.26298329997,16419.67937849998,558192.0382332555,246323.4552855999,0.0,0,429964.0,14475.0,58016.20000000001,6979.5,823521.7999999999,39061.0,0.0,87.9,-3432799615785.289,5.373211595480195,0.0
135,0.0,0.0,114381.73055450023,17088.172984499983,630507.1791851546,254994.22607679985,0.0,0,429964.0,14475.0,58016.20000000001,6979.5,823521.7999999999,39061.0,0.0,87.9,-3588348268641.9673,5.2637907400487824,0.0
